4375070104535663|03|2024|201
4375070104533833|03|2024|201
4375070104534203|03|2024|201
4375070104533213|03|2024|201
4375070104534377|03|2024|201
4375070104533619|03|2024|201
4375070104532710|03|2024|201
4375070104536810|03|2024|201
4375070104531746|03|2024|201
4375070104536265|03|2024|201
4375070104532546|03|2024|201
4375070104538733|03|2024|201
4375070104532686|03|2024|201
4375070104531480|03|2024|201
4375070104536562|03|2024|201
4375070104534021|03|2024|201
4375070104538451|03|2024|201
4375070104531811|03|2024|201
4375070104536729|03|2024|201
4375070104531688|03|2024|201
4375070104538402|03|2024|201
4375070104536042|03|2024|201
4375070104537263|03|2024|201
4375070104535507|03|2024|201
4375070104537552|03|2024|201
4375070104530243|03|2024|201
4375070104531852|03|2024|201
4375070104533577|03|2024|201
4375070104534732|03|2024|201
4375070104533635|03|2024|201
4375070104530151|03|2024|201
4375070104535671|03|2024|201
4375070104537289|03|2024|201
4375070104533585|03|2024|201
4375070104532181|03|2024|201
4375070104537842|03|2024|201
4375070104536885|03|2024|201
4375070104532231|03|2024|201
4375070104536836|03|2024|201
4375070104536208|03|2024|201
4375070104538428|03|2024|201
4375070104535283|03|2024|201
4375070104532884|03|2024|201
4375070104538287|03|2024|201
4375070104532546|03|2024|201
4375070104531563|03|2024|201
4375070104533023|03|2024|201
4375070104534682|03|2024|201
4375070104536653|03|2024|201
4375070104530524|03|2024|201
4375070104535317|03|2024|201
4375070104533825|03|2024|201
4375070104536588|03|2024|201
4375070104530839|03|2024|201
4375070104534880|03|2024|201
4375070104531555|03|2024|201
4375070104537172|03|2024|201
4375070104534864|03|2024|201
4375070104536539|03|2024|201
4375070104538246|03|2024|201
4375070104536562|03|2024|201
4375070104537065|03|2024|201
4375070104538378|03|2024|201
4375070104531753|03|2024|201
4375070104532272|03|2024|201
4375070104538352|03|2024|201
4375070104530672|03|2024|201
4375070104538469|03|2024|201
4375070104533247|03|2024|201
4375070104532447|03|2024|201
4375070104538501|03|2024|201
4375070104530771|03|2024|201
4375070104536083|03|2024|201
4375070104533601|03|2024|201
4375070104536331|03|2024|201
4375070104537826|03|2024|201
4375070104534153|03|2024|201
4375070104534062|03|2024|201
4375070104531035|03|2024|201
4375070104535044|03|2024|201
4375070104537149|03|2024|201
4375070104538022|03|2024|201
4375070104532777|03|2024|201
4375070104535416|03|2024|201
4375070104536612|03|2024|201
4375070104538238|03|2024|201
4375070104538428|03|2024|201
4375070104534880|03|2024|201
4375070104536406|03|2024|201
4375070104530110|03|2024|201
4375070104536539|03|2024|201
4375070104533601|03|2024|201
4375070104538840|03|2024|201
4375070104536802|03|2024|201
4375070104532462|03|2024|201
4375070104538287|03|2024|201
4375070104537487|03|2024|201
4375070104537768|03|2024|201
4375070104536018|03|2024|201
4375070104530318|03|2024|201
4375070104538550|03|2024|201
4375070104534005|03|2024|201
4375070104536216|03|2024|201
4375070104532454|03|2024|201
4375070104537669|03|2024|201
4375070104535176|03|2024|201
4375070104538204|03|2024|201
4375070104538659|03|2024|201
4375070104538618|03|2024|201
4375070104532439|03|2024|201
4375070104537073|03|2024|201
4375070104533577|03|2024|201
4375070104537321|03|2024|201
4375070104537255|03|2024|201
4375070104536471|03|2024|201
4375070104538634|03|2024|201
4375070104536653|03|2024|201
4375070104535747|03|2024|201
4375070104534658|03|2024|201
4375070104536109|03|2024|201
4375070104535002|03|2024|201
4375070104535150|03|2024|201
4375070104531621|03|2024|201
4375070104535101|03|2024|201
4375070104538717|03|2024|201
4375070104532587|03|2024|201
4375070104535671|03|2024|201
4375070104536216|03|2024|201
4375070104533577|03|2024|201
4375070104533239|03|2024|201
4375070104535085|03|2024|201
4375070104534534|03|2024|201
4375070104531415|03|2024|201
4375070104534104|03|2024|201
4375070104532652|03|2024|201
4375070104533726|03|2024|201
4375070104537818|03|2024|201
4375070104534062|03|2024|201
4375070104533403|03|2024|201
4375070104530375|03|2024|201
4375070104538311|03|2024|201
4375070104533742|03|2024|201
4375070104533163|03|2024|201
4375070104534773|03|2024|201
4375070104537230|03|2024|201
4375070104531142|03|2024|201
4375070104535820|03|2024|201
4375070104536414|03|2024|201
4375070104536463|03|2024|201
4375070104533056|03|2024|201
4375070104537263|03|2024|201
4375070104537479|03|2024|201
4375070104530052|03|2024|201
4375070104537172|03|2024|201
4375070104531050|03|2024|201
4375070104533148|03|2024|201
4375070104536125|03|2024|201
4375070104534815|03|2024|201
4375070104538345|03|2024|201
4375070104530862|03|2024|201
4375070104538386|03|2024|201
4375070104534559|03|2024|201
4375070104538634|03|2024|201
4375070104532173|03|2024|201
4375070104536315|03|2024|201
4375070104531514|03|2024|201
4375070104536240|03|2024|201
4375070104538725|03|2024|201
4375070104531217|03|2024|201
4375070104537461|03|2024|201
4375070104530011|03|2024|201
4375070104538253|03|2024|201
4375070104535838|03|2024|201
4375070104536851|03|2024|201
4375070104532264|03|2024|201
4375070104537339|03|2024|201
4375070104535069|03|2024|201
4375070104538485|03|2024|201
4375070104534534|03|2024|201
4375070104538725|03|2024|201
4375070104530136|03|2024|201
4375070104538014|03|2024|201
4375070104530029|03|2024|201
4375070104536216|03|2024|201
4375070104538618|03|2024|201
4375070104534146|03|2024|201
4375070104533361|03|2024|201
4375070104535655|03|2024|201
4375070104536836|03|2024|201
4375070104536539|03|2024|201
4375070104530813|03|2024|201
4375070104531308|03|2024|201
4375070104536216|03|2024|201
4375070104530060|03|2024|201
4375070104537057|03|2024|201
4375070104538105|03|2024|201
4375070104537271|03|2024|201
4375070104530284|03|2024|201
4375070104533148|03|2024|201
4375070104538584|03|2024|201
4375070104534328|03|2024|201
4375070104536869|03|2024|201
4375070104536026|03|2024|201
4375070104533718|03|2024|201
4375070104536737|03|2024|201
4375070104536158|03|2024|201
4375070104536075|03|2024|201
4375070104536042|03|2024|201
4375070104533536|03|2024|201
4375070104534658|03|2024|201
4375070104536331|03|2024|201
4375070104533478|03|2024|201
4375070104532801|03|2024|201
4375070104537180|03|2024|201
4375070104532751|03|2024|201
4375070104537644|03|2024|201
4375070104533569|03|2024|201
4375070104533015|03|2024|201
4375070104531563|03|2024|201
4375070104537453|03|2024|201
4375070104535838|03|2024|201
4375070104534435|03|2024|201
4375070104538717|03|2024|201
4375070104536802|03|2024|201
4375070104535259|03|2024|201
4375070104531613|03|2024|201
4375070104538287|03|2024|201
4375070104538857|03|2024|201
4375070104530110|03|2024|201
4375070104533619|03|2024|201
4375070104537123|03|2024|201
4375070104538246|03|2024|201
4375070104530508|03|2024|201
4375070104530417|03|2024|201
4375070104531167|03|2024|201
4375070104532330|03|2024|201
4375070104535887|03|2024|201
4375070104530037|03|2024|201
4375070104535200|03|2024|201
4375070104537370|03|2024|201
4375070104536687|03|2024|201
4375070104532553|03|2024|201
4375070104532462|03|2024|201
4375070104537842|03|2024|201
4375070104536810|03|2024|201
4375070104534153|03|2024|201
4375070104535788|03|2024|201
4375070104537438|03|2024|201
4375070104537651|03|2024|201
4375070104532744|03|2024|201
4375070104536752|03|2024|201
4375070104534633|03|2024|201
4375070104535333|03|2024|201
4375070104532637|03|2024|201
4375070104533353|03|2024|201
4375070104534187|03|2024|201
4375070104538030|03|2024|201
4375070104532454|03|2024|201
4375070104531662|03|2024|201
4375070104536026|03|2024|201
4375070104537388|03|2024|201
4375070104536364|03|2024|201
4375070104537370|03|2024|201
4375070104532413|03|2024|201
4375070104532132|03|2024|201
4375070104531332|03|2024|201
4375070104530672|03|2024|201
4375070104532025|03|2024|201
4375070104533445|03|2024|201
4375070104531126|03|2024|201
4375070104532157|03|2024|201
4375070104537115|03|2024|201
4375070104530201|03|2024|201
4375070104535176|03|2024|201
4375070104533882|03|2024|201
4375070104537834|03|2024|201
4375070104532884|03|2024|201
4375070104530656|03|2024|201
4375070104538766|03|2024|201
4375070104535069|03|2024|201
4375070104537677|03|2024|201
4375070104536067|03|2024|201
4375070104530284|03|2024|201
4375070104532413|03|2024|201
4375070104532876|03|2024|201
4375070104537685|03|2024|201
4375070104538337|03|2024|201
4375070104534641|03|2024|201
4375070104533676|03|2024|201
4375070104534500|03|2024|201
4375070104533585|03|2024|201
4375070104533411|03|2024|201
4375070104538436|03|2024|201
4375070104538261|03|2024|201
4375070104531142|03|2024|201
4375070104538519|03|2024|201
4375070104534211|03|2024|201
4375070104533734|03|2024|201
4375070104533114|03|2024|201
4375070104530813|03|2024|201
4375070104530466|03|2024|201
4375070104538287|03|2024|201
4375070104538261|03|2024|201
4375070104534328|03|2024|201
4375070104536828|03|2024|201
4375070104532215|03|2024|201
4375070104538428|03|2024|201
4375070104532272|03|2024|201
4375070104530573|03|2024|201
4375070104538246|03|2024|201
4375070104533882|03|2024|201
4375070104536877|03|2024|201
4375070104536455|03|2024|201
4375070104536646|03|2024|201
4375070104530607|03|2024|201
4375070104534427|03|2024|201
4375070104532769|03|2024|201
4375070104532843|03|2024|201
4375070104538154|03|2024|201
4375070104533379|03|2024|201
4375070104536463|03|2024|201
4375070104530623|03|2024|201
4375070104532587|03|2024|201
4375070104530730|03|2024|201
4375070104535556|03|2024|201
4375070104531449|03|2024|201
4375070104533700|03|2024|201
4375070104533866|03|2024|201
4375070104531118|03|2024|201
4375070104531480|03|2024|201
4375070104535424|03|2024|201
4375070104531209|03|2024|201
4375070104538675|03|2024|201
4375070104532157|03|2024|201
4375070104538238|03|2024|201
4375070104533031|03|2024|201
4375070104530482|03|2024|201
4375070104530318|03|2024|201
4375070104538881|03|2024|201
4375070104534484|03|2024|201
4375070104531878|03|2024|201
4375070104536653|03|2024|201
4375070104537180|03|2024|201
4375070104537321|03|2024|201
4375070104538055|03|2024|201
4375070104531845|03|2024|201
4375070104532421|03|2024|201
4375070104536174|03|2024|201
4375070104538162|03|2024|201
4375070104536083|03|2024|201
4375070104538535|03|2024|201
4375070104537420|03|2024|201
4375070104533247|03|2024|201
4375070104538139|03|2024|201
4375070104535325|03|2024|201
4375070104535317|03|2024|201
4375070104536810|03|2024|201
4375070104533601|03|2024|201
4375070104530508|03|2024|201
4375070104532546|03|2024|201
4375070104532249|03|2024|201
4375070104538543|03|2024|201
4375070104530318|03|2024|201
4375070104537453|03|2024|201
4375070104537735|03|2024|201
4375070104533015|03|2024|201
4375070104530888|03|2024|201
4375070104532140|03|2024|201
4375070104530060|03|2024|201
4375070104532132|03|2024|201
4375070104535671|03|2024|201
4375070104530003|03|2024|201
4375070104532215|03|2024|201
4375070104533668|03|2024|201
4375070104531308|03|2024|201
4375070104531332|03|2024|201
4375070104531472|03|2024|201
4375070104532264|03|2024|201
4375070104534138|03|2024|201
4375070104532470|03|2024|201
4375070104533726|03|2024|201
4375070104535432|03|2024|201
4375070104535218|03|2024|201
4375070104537750|03|2024|201
4375070104530656|03|2024|201
4375070104533346|03|2024|201
4375070104532603|03|2024|201
4375070104534369|03|2024|201
4375070104537024|03|2024|201
4375070104530581|03|2024|201
4375070104532660|03|2024|201
4375070104532363|03|2024|201
4375070104536315|03|2024|201
4375070104538220|03|2024|201
4375070104532223|03|2024|201
4375070104534203|03|2024|201
4375070104531720|03|2024|201
4375070104531753|03|2024|201
4375070104534252|03|2024|201
4375070104535085|03|2024|201
4375070104531621|03|2024|201
4375070104532306|03|2024|201
4375070104535424|03|2024|201
4375070104535788|03|2024|201
4375070104531035|03|2024|201
4375070104534518|03|2024|201
4375070104536174|03|2024|201
4375070104531209|03|2024|201
4375070104537362|03|2024|201
4375070104537644|03|2024|201
4375070104530003|03|2024|201
4375070104537248|03|2024|201
4375070104534617|03|2024|201
4375070104536281|03|2024|201
4375070104533486|03|2024|201
4375070104536687|03|2024|201
4375070104535358|03|2024|201
4375070104537313|03|2024|201
4375070104537446|03|2024|201
4375070104532173|03|2024|201
4375070104532546|03|2024|201
4375070104536646|03|2024|201
4375070104534310|03|2024|201
4375070104537206|03|2024|201
4375070104533643|03|2024|201
4375070104537131|03|2024|201
4375070104537834|03|2024|201
4375070104534146|03|2024|201
4375070104534765|03|2024|201
4375070104530110|03|2024|201
4375070104530201|03|2024|201
4375070104534203|03|2024|201
4375070104535127|03|2024|201
4375070104534815|03|2024|201
4375070104535549|03|2024|201
4375070104532264|03|2024|201
4375070104530813|03|2024|201
4375070104534559|03|2024|201
4375070104536836|03|2024|201
4375070104537347|03|2024|201
4375070104537669|03|2024|201
4375070104533379|03|2024|201
4375070104531142|03|2024|201
4375070104533320|03|2024|201
4375070104535689|03|2024|201
4375070104538550|03|2024|201
4375070104535887|03|2024|201
4375070104534484|03|2024|201
4375070104537073|03|2024|201
4375070104533585|03|2024|201
4375070104531415|03|2024|201
4375070104534047|03|2024|201
4375070104534658|03|2024|201
4375070104537776|03|2024|201
4375070104538311|03|2024|201
4375070104537610|03|2024|201
4375070104537511|03|2024|201
4375070104533684|03|2024|201
4375070104536380|03|2024|201
4375070104535176|03|2024|201
4375070104536182|03|2024|201
4375070104530870|03|2024|201
4375070104538311|03|2024|201
4375070104530383|03|2024|201
4375070104535317|03|2024|201
4375070104537016|03|2024|201
4375070104531381|03|2024|201
4375070104537362|03|2024|201
4375070104531407|03|2024|201
4375070104534351|03|2024|201
4375070104535820|03|2024|201
4375070104530706|03|2024|201
4375070104535333|03|2024|201
4375070104535820|03|2024|201
4375070104530714|03|2024|201
4375070104534633|03|2024|201
4375070104537263|03|2024|201
4375070104531480|03|2024|201
4375070104531761|03|2024|201
4375070104537032|03|2024|201
4375070104530276|03|2024|201
4375070104538253|03|2024|201
4375070104530672|03|2024|201
4375070104535705|03|2024|201
4375070104538378|03|2024|201
4375070104538568|03|2024|201
4375070104533429|03|2024|201
4375070104532082|03|2024|201
4375070104531456|03|2024|201
4375070104538220|03|2024|201
4375070104530144|03|2024|201
4375070104533429|03|2024|201
4375070104537388|03|2024|201
4375070104534559|03|2024|201
4375070104538121|03|2024|201
4375070104531787|03|2024|201
4375070104538634|03|2024|201
4375070104534245|03|2024|201
4375070104538782|03|2024|201
4375070104530714|03|2024|201
4375070104536745|03|2024|201
4375070104532710|03|2024|201
4375070104537727|03|2024|201
4375070104531548|03|2024|201
4375070104534740|03|2024|201
4375070104537644|03|2024|201
4375070104531878|03|2024|201
4375070104534336|03|2024|201
4375070104530086|03|2024|201
4375070104530243|03|2024|201
4375070104533882|03|2024|201
4375070104534880|03|2024|201
4375070104536026|03|2024|201
4375070104537719|03|2024|201
4375070104532074|03|2024|201
4375070104533007|03|2024|201
4375070104532827|03|2024|201
4375070104536224|03|2024|201
4375070104532744|03|2024|201
4375070104530680|03|2024|201
4375070104537131|03|2024|201
4375070104537222|03|2024|201
4375070104536745|03|2024|201
4375070104531423|03|2024|201
4375070104536679|03|2024|201
4375070104532058|03|2024|201
4375070104536745|03|2024|201
4375070104538089|03|2024|201
4375070104533387|03|2024|201
4375070104537347|03|2024|201
4375070104536463|03|2024|201
4375070104536364|03|2024|201
4375070104531175|03|2024|201
4375070104532132|03|2024|201
4375070104537180|03|2024|201
4375070104534005|03|2024|201
4375070104538022|03|2024|201
4375070104534336|03|2024|201
4375070104532017|03|2024|201
4375070104531621|03|2024|201
4375070104537115|03|2024|201
4375070104538162|03|2024|201
4375070104534674|03|2024|201
4375070104533163|03|2024|201
4375070104536711|03|2024|201
4375070104536448|03|2024|201
4375070104536620|03|2024|201
4375070104533882|03|2024|201
4375070104538782|03|2024|201
4375070104534518|03|2024|201
4375070104533627|03|2024|201
4375070104533007|03|2024|201
4375070104537016|03|2024|201
4375070104535051|03|2024|201
4375070104534708|03|2024|201
4375070104536562|03|2024|201
4375070104532025|03|2024|201
4375070104538725|03|2024|201
4375070104536869|03|2024|201
4375070104534500|03|2024|201
4375070104530342|03|2024|201
4375070104536174|03|2024|201
4375070104536067|03|2024|201
4375070104537859|03|2024|201
4375070104538659|03|2024|201
4375070104534070|03|2024|201
4375070104531613|03|2024|201
4375070104535630|03|2024|201
4375070104532116|03|2024|201
4375070104530805|03|2024|201
4375070104538626|03|2024|201
4375070104531118|03|2024|201
4375070104538113|03|2024|201
4375070104534831|03|2024|201
4375070104535325|03|2024|201
4375070104534427|03|2024|201
4375070104536075|03|2024|201
4375070104537156|03|2024|201
4375070104537552|03|2024|201
4375070104532348|03|2024|201
4375070104531043|03|2024|201
4375070104530425|03|2024|201
4375070104532405|03|2024|201
4375070104533361|03|2024|201
4375070104530516|03|2024|201
4375070104532314|03|2024|201
4375070104532876|03|2024|201
4375070104532470|03|2024|201
4375070104535135|03|2024|201
4375070104532645|03|2024|201
4375070104536430|03|2024|201
4375070104530508|03|2024|201
4375070104530078|03|2024|201
4375070104531589|03|2024|201
4375070104533346|03|2024|201
4375070104538063|03|2024|201
4375070104530524|03|2024|201
4375070104531357|03|2024|201
4375070104534278|03|2024|201
4375070104534583|03|2024|201
4375070104534070|03|2024|201
4375070104534856|03|2024|201
4375070104535853|03|2024|201
4375070104535259|03|2024|201
4375070104537602|03|2024|201
4375070104538824|03|2024|201
4375070104536216|03|2024|201
4375070104537388|03|2024|201
4375070104532629|03|2024|201
4375070104538709|03|2024|201
4375070104536364|03|2024|201
4375070104535622|03|2024|201
4375070104537057|03|2024|201
4375070104532728|03|2024|201
4375070104538576|03|2024|201
4375070104535028|03|2024|201
4375070104538527|03|2024|201
4375070104537651|03|2024|201
4375070104533353|03|2024|201
4375070104530821|03|2024|201
4375070104533833|03|2024|201
4375070104533783|03|2024|201
4375070104535127|03|2024|201
4375070104533486|03|2024|201
4375070104537131|03|2024|201
4375070104533254|03|2024|201
4375070104537065|03|2024|201
4375070104536125|03|2024|201
4375070104538451|03|2024|201
4375070104530680|03|2024|201
4375070104537545|03|2024|201
4375070104535002|03|2024|201
4375070104530664|03|2024|201
4375070104535739|03|2024|201
4375070104532355|03|2024|201
4375070104532231|03|2024|201
4375070104530755|03|2024|201
4375070104532314|03|2024|201
4375070104533460|03|2024|201
4375070104535200|03|2024|201
4375070104538824|03|2024|201
4375070104533668|03|2024|201
4375070104534344|03|2024|201
4375070104530219|03|2024|201
4375070104537727|03|2024|201
4375070104532280|03|2024|201
4375070104532116|03|2024|201
4375070104535473|03|2024|201
4375070104534351|03|2024|201
4375070104532744|03|2024|201
4375070104535606|03|2024|201
4375070104538766|03|2024|201
4375070104531647|03|2024|201
4375070104532348|03|2024|201
4375070104536000|03|2024|201
4375070104537719|03|2024|201
4375070104538006|03|2024|201
4375070104537024|03|2024|201
4375070104533353|03|2024|201
4375070104535879|03|2024|201
4375070104534732|03|2024|201
4375070104534682|03|2024|201
4375070104530425|03|2024|201
4375070104536372|03|2024|201
4375070104534310|03|2024|201
4375070104530268|03|2024|201
4375070104531159|03|2024|201
4375070104534203|03|2024|201
4375070104532124|03|2024|201
4375070104532082|03|2024|201
4375070104537388|03|2024|201
4375070104532413|03|2024|201
4375070104538659|03|2024|201
4375070104537644|03|2024|201
4375070104532660|03|2024|201
4375070104535572|03|2024|201
4375070104537768|03|2024|201
4375070104531571|03|2024|201
4375070104536679|03|2024|201
4375070104535002|03|2024|201
4375070104532629|03|2024|201
4375070104535655|03|2024|201
4375070104536661|03|2024|201
4375070104531258|03|2024|201
4375070104532132|03|2024|201
4375070104530318|03|2024|201
4375070104538238|03|2024|201
4375070104538501|03|2024|201
4375070104537354|03|2024|201
4375070104538204|03|2024|201
4375070104535432|03|2024|201
4375070104538071|03|2024|201
4375070104532363|03|2024|201
4375070104537602|03|2024|201
4375070104537461|03|2024|201
4375070104530565|03|2024|201
4375070104530664|03|2024|201
4375070104538071|03|2024|201
4375070104538170|03|2024|201
4375070104536240|03|2024|201
4375070104535275|03|2024|201
4375070104536059|03|2024|201
4375070104530730|03|2024|201
4375070104532447|03|2024|201
4375070104534138|03|2024|201
4375070104533783|03|2024|201
4375070104533221|03|2024|201
4375070104538006|03|2024|201
4375070104535705|03|2024|201
4375070104538030|03|2024|201
4375070104534153|03|2024|201
4375070104538816|03|2024|201
4375070104536208|03|2024|201
4375070104534302|03|2024|201
4375070104538501|03|2024|201
4375070104535630|03|2024|201
4375070104538584|03|2024|201
4375070104538659|03|2024|201
4375070104537255|03|2024|201
4375070104534047|03|2024|201
4375070104534526|03|2024|201
4375070104535523|03|2024|201
4375070104533726|03|2024|201
4375070104533288|03|2024|201
4375070104533247|03|2024|201
4375070104538360|03|2024|201
4375070104532074|03|2024|201
4375070104538048|03|2024|201
4375070104535135|03|2024|201
4375070104538667|03|2024|201
4375070104535416|03|2024|201
4375070104530763|03|2024|201
4375070104538089|03|2024|201
4375070104537420|03|2024|201
4375070104535622|03|2024|201
4375070104538212|03|2024|201
4375070104538071|03|2024|201
4375070104533510|03|2024|201
4375070104533155|03|2024|201
4375070104538683|03|2024|201
4375070104533015|03|2024|201
4375070104530763|03|2024|201
4375070104537073|03|2024|201
4375070104531407|03|2024|201
4375070104538329|03|2024|201
4375070104533551|03|2024|201
4375070104538675|03|2024|201
4375070104531357|03|2024|201
4375070104538147|03|2024|201
4375070104537628|03|2024|201
4375070104537776|03|2024|201
4375070104532405|03|2024|201
4375070104532033|03|2024|201
4375070104535069|03|2024|201
4375070104535143|03|2024|201
4375070104531779|03|2024|201
4375070104532553|03|2024|201
4375070104535887|03|2024|201
4375070104538618|03|2024|201
4375070104535556|03|2024|201
4375070104538873|03|2024|201
4375070104530714|03|2024|201
4375070104531571|03|2024|201
4375070104531738|03|2024|201
4375070104535515|03|2024|201
4375070104531084|03|2024|201
4375070104537602|03|2024|201
4375070104536604|03|2024|201
4375070104532660|03|2024|201
4375070104535150|03|2024|201
4375070104534450|03|2024|201
4375070104531449|03|2024|201
4375070104531043|03|2024|201
4375070104537842|03|2024|201
4375070104534138|03|2024|201
4375070104531845|03|2024|201
4375070104534419|03|2024|201
4375070104530326|03|2024|201
4375070104537222|03|2024|201
4375070104531670|03|2024|201
4375070104534088|03|2024|201
4375070104532868|03|2024|201
4375070104537081|03|2024|201
4375070104537214|03|2024|201
4375070104534229|03|2024|201
4375070104534559|03|2024|201
4375070104530342|03|2024|201
4375070104537115|03|2024|201
4375070104535671|03|2024|201
4375070104538873|03|2024|201
4375070104535622|03|2024|201
4375070104535473|03|2024|201
4375070104536356|03|2024|201
4375070104534054|03|2024|201
4375070104534872|03|2024|201
4375070104536687|03|2024|201
4375070104537404|03|2024|201
4375070104531480|03|2024|201
4375070104536406|03|2024|201
4375070104530730|03|2024|201
4375070104537453|03|2024|201
4375070104537750|03|2024|201
4375070104532181|03|2024|201
4375070104535523|03|2024|201
4375070104537503|03|2024|201
4375070104533668|03|2024|201
4375070104534146|03|2024|201
4375070104535515|03|2024|201
4375070104535861|03|2024|201
4375070104538535|03|2024|201
4375070104538642|03|2024|201
4375070104533668|03|2024|201
4375070104533445|03|2024|201
4375070104536059|03|2024|201
4375070104532819|03|2024|201
4375070104537073|03|2024|201
4375070104538535|03|2024|201
4375070104531324|03|2024|201
4375070104531076|03|2024|201
4375070104531068|03|2024|201
4375070104538881|03|2024|201
4375070104537834|03|2024|201
4375070104532686|03|2024|201
4375070104537644|03|2024|201
4375070104532728|03|2024|201
4375070104530433|03|2024|201
4375070104538824|03|2024|201
4375070104530235|03|2024|201
4375070104530367|03|2024|201
4375070104531431|03|2024|201
4375070104531522|03|2024|201
4375070104532017|03|2024|201
4375070104534765|03|2024|201
4375070104531712|03|2024|201
4375070104533882|03|2024|201
4375070104535440|03|2024|201
4375070104531647|03|2024|201
4375070104534443|03|2024|201
4375070104531308|03|2024|201
4375070104537180|03|2024|201
4375070104537479|03|2024|201
4375070104531381|03|2024|201
4375070104537461|03|2024|201
4375070104534773|03|2024|201
4375070104536232|03|2024|201
4375070104530763|03|2024|201
4375070104535663|03|2024|201
4375070104532363|03|2024|201
4375070104536802|03|2024|201
4375070104533387|03|2024|201
4375070104531753|03|2024|201
4375070104538402|03|2024|201
4375070104531506|03|2024|201
4375070104531241|03|2024|201
4375070104533114|03|2024|201
4375070104534674|03|2024|201
4375070104532017|03|2024|201
4375070104530631|03|2024|201
4375070104534732|03|2024|201
4375070104538048|03|2024|201
4375070104530730|03|2024|201
4375070104534609|03|2024|201
4375070104531704|03|2024|201
4375070104538022|03|2024|201
4375070104538055|03|2024|201
4375070104534054|03|2024|201
4375070104537453|03|2024|201
4375070104538683|03|2024|201
4375070104530383|03|2024|201
4375070104534138|03|2024|201
4375070104530847|03|2024|201
4375070104530342|03|2024|201
4375070104536224|03|2024|201
4375070104533767|03|2024|201
4375070104536745|03|2024|201
4375070104537073|03|2024|201
4375070104535226|03|2024|201
4375070104537651|03|2024|201
4375070104537446|03|2024|201
4375070104530227|03|2024|201
4375070104537156|03|2024|201
4375070104536620|03|2024|201
4375070104535473|03|2024|201
4375070104536422|03|2024|201
4375070104530870|03|2024|201
4375070104533221|03|2024|201
4375070104538501|03|2024|201
4375070104533866|03|2024|201
4375070104537248|03|2024|201
4375070104534534|03|2024|201
4375070104537081|03|2024|201
4375070104535382|03|2024|201
4375070104535234|03|2024|201
4375070104536059|03|2024|201
4375070104530664|03|2024|201
4375070104533544|03|2024|201
4375070104534559|03|2024|201
4375070104537529|03|2024|201
4375070104538519|03|2024|201
4375070104531118|03|2024|201
4375070104536679|03|2024|201
4375070104533171|03|2024|201
4375070104536521|03|2024|201
4375070104538477|03|2024|201
4375070104534450|03|2024|201
4375070104536356|03|2024|201
4375070104534211|03|2024|201
4375070104531225|03|2024|201
4375070104530318|03|2024|201
4375070104533155|03|2024|201
4375070104534013|03|2024|201
4375070104536448|03|2024|201
4375070104532215|03|2024|201
4375070104533031|03|2024|201
4375070104538469|03|2024|201
4375070104533775|03|2024|201
4375070104533486|03|2024|201
4375070104535044|03|2024|201
4375070104532769|03|2024|201
4375070104532884|03|2024|201
4375070104536547|03|2024|201
4375070104536489|03|2024|201
4375070104533353|03|2024|201
4375070104531126|03|2024|201
4375070104531688|03|2024|201
4375070104535119|03|2024|201
4375070104536562|03|2024|201
4375070104535333|03|2024|201
4375070104536414|03|2024|201
4375070104537438|03|2024|201
4375070104531381|03|2024|201
4375070104537685|03|2024|201
4375070104531431|03|2024|201
4375070104537073|03|2024|201
4375070104531381|03|2024|201
4375070104534658|03|2024|201
4375070104534567|03|2024|201
4375070104531522|03|2024|201
4375070104531613|03|2024|201
4375070104531159|03|2024|201
4375070104535424|03|2024|201
4375070104532686|03|2024|201
4375070104532207|03|2024|201
4375070104530128|03|2024|201
4375070104536752|03|2024|201
4375070104531522|03|2024|201
4375070104531464|03|2024|201
4375070104531274|03|2024|201
4375070104538303|03|2024|201
4375070104535754|03|2024|201
4375070104530805|03|2024|201
4375070104533361|03|2024|201
4375070104537636|03|2024|201
4375070104537016|03|2024|201
4375070104536216|03|2024|201
4375070104536463|03|2024|201
4375070104534427|03|2024|201
4375070104535853|03|2024|201
4375070104538584|03|2024|201
4375070104538279|03|2024|201
4375070104531266|03|2024|201
4375070104538618|03|2024|201
4375070104531373|03|2024|201
4375070104533833|03|2024|201
4375070104535218|03|2024|201
4375070104531738|03|2024|201
4375070104537545|03|2024|201
4375070104538261|03|2024|201
4375070104530524|03|2024|201
4375070104533783|03|2024|201
4375070104535176|03|2024|201
4375070104530367|03|2024|201
4375070104531712|03|2024|201
4375070104536521|03|2024|201
4375070104537438|03|2024|201
4375070104533189|03|2024|201
4375070104530300|03|2024|201
4375070104536489|03|2024|201
4375070104532777|03|2024|201
4375070104534831|03|2024|201
4375070104538741|03|2024|201
4375070104536687|03|2024|201
4375070104536760|03|2024|201
4375070104535051|03|2024|201
4375070104537008|03|2024|201
4375070104530318|03|2024|201
4375070104531605|03|2024|201
4375070104534435|03|2024|201
4375070104532702|03|2024|201
4375070104537545|03|2024|201
4375070104532256|03|2024|201
4375070104532538|03|2024|201
4375070104538667|03|2024|201
4375070104538543|03|2024|201
4375070104532348|03|2024|201
4375070104537883|03|2024|201
4375070104532207|03|2024|201
4375070104532033|03|2024|201
4375070104535788|03|2024|201
